# optimal x form the simplex algorithm
2.250000000000000000e+02
2.340000000000000000e+02
2.130000000000000000e+02
2.280000000000000000e+02
2.310000000000000000e+02
0.000000000000000000e+00
2.180000000000000000e+02
0.000000000000000000e+00
0.000000000000000000e+00
2.250000000000000000e+02
2.090000000000000000e+02
0.000000000000000000e+00
2.220000000000000000e+02
2.420000000000000000e+02
0.000000000000000000e+00
2.450000000000000000e+02
0.000000000000000000e+00
2.170000000000000000e+02
0.000000000000000000e+00
2.420000000000000000e+02
2.430000000000000000e+02
2.300000000000000000e+02
2.040000000000000000e+02
2.300000000000000000e+02
0.000000000000000000e+00
0.000000000000000000e+00
2.450000000000000000e+02
0.000000000000000000e+00
2.300000000000000000e+02
2.030000000000000000e+02
4.060000000000000000e+02
0.000000000000000000e+00
5.600000000000000000e+02
3.100000000000000000e+02
4.600000000000000000e+02
4.500000000000000000e+01
1.650000000000000000e+02
0.000000000000000000e+00
4.200000000000000000e+02
0.000000000000000000e+00
7.850000000000000000e+02
0.000000000000000000e+00
0.000000000000000000e+00
4.100000000000000000e+02
9.750000000000000000e+02
